% Cac thong so cua robot
%l1=0.25; l2=0.3; l3=0.25;
l1 = 0.25; l2 = 0.194; l3 = 0.265; a1 = 0.03;

